5.0 642.68 162.31 21.04 52.45 632 136 653 188 0.545
5.0 684.10 163.20 23.58 56.25 672 135 695 191 0.637
5.0 726.24 166.39 25.04 61.62 713 135 738 197 0.730
5.0 783.09 173.67 31.77 82.77 767 132 798 215 0.735
5.0 852.07 189.97 36.79 93.96 833 142 870 236 0.706
5.0 912.67 209.10 39.98 110.81 892 153 932 264 0.637
4.0 911.02 158.81 37.59 55.58 892 131 929 186 0.267
4.0 858.15 144.56 45.95 61.67 835 113 881 175 0.449
4.0 877.63 142.16 50.08 68.53 852 107 902 176 0.772
4.0 850.24 132.36 58.77 76.63 820 94 879 170 0.781
4.0 889.53 130.83 63.27 81.99 857 89 921 171 0.810
4.0 889.53 119.41 60.75 114.59 859 62 919 176 0.655
4.0 863.55 127.86 70.02 89.91 828 82 898 172 0.822
4.0 888.32 118.06 71.95 92.79 852 71 924 164 0.841
4.0 889.33 118.79 73.17 92.14 852 72 925 164 0.836
4.0 888.48 118.96 70.77 92.20 853 72 923 165 0.835
4.0 888.22 119.30 70.16 91.85 853 73 923 165 0.827
4.0 888.54 119.00 70.81 91.96 853 73 923 164 0.827
4.0 888.83 118.85 71.44 91.15 853 73 924 164 0.834
4.0 889.52 120.03 73.10 91.14 852 74 926 165 0.814
4.0 888.64 118.92 71.70 93.46 852 72 924 165 0.834
4.0 879.85 122.27 73.05 95.43 843 74 916 169 0.849
4.0 930.49 124.55 59.01 106.38 900 71 960 177 0.821
7.0 829.06 204.73 75.05 55.00 791 177 866 232 0.269
7.0 804.91 211.12 83.51 53.37 763 184 846 237 0.758
7.0 834.51 222.08 83.14 60.57 792 191 876 252 0.745
7.0 730.33 204.13 90.98 70.03 684 169 775 239 0.769
7.0 726.32 208.29 95.44 74.94 678 170 774 245 0.723
7.0 654.29 204.75 101.73 75.31 603 167 705 242 0.783
7.0 661.55 211.27 108.10 84.65 607 168 715 253 0.784
7.0 645.80 213.08 118.06 94.67 586 165 704 260 0.821
7.0 611.40 220.07 134.00 110.32 544 164 678 275 0.762
7.0 628.11 232.85 152.42 121.38 551 172 704 293 0.799
7.0 648.85 244.84 167.48 151.18 565 169 732 320 0.843
7.0 873.75 300.27 171.62 245.75 787 177 959 423 0.686
0.0 670.94 141.70 19.72 27.59 661 127 680 155 0.272
0.0 684.31 140.98 21.54 28.86 673 126 695 155 0.331
0.0 600.17 133.86 22.72 31.39 588 118 611 149 0.256
0.0 585.29 126.94 26.29 31.48 572 111 598 142 0.715
0.0 540.69 123.32 26.51 33.30 527 106 553 139 0.750
0.0 537.86 124.39 30.05 34.71 522 107 552 141 0.785
0.0 537.67 128.12 30.94 37.31 522 109 553 146 0.749
0.0 537.52 131.16 34.13 40.00 520 111 554 151 0.816
0.0 543.83 124.69 37.17 41.80 525 103 562 145 0.765
0.0 561.47 117.58 39.49 44.36 541 95 581 139 0.817
5.0 390.46 141.96 16.51 43.48 382 120 398 163 0.632
0.0 580.36 109.99 43.41 48.55 558 85 602 134 0.823
5.0 390.54 135.22 18.65 48.04 381 111 399 159 0.510
0.0 607.44 116.68 50.85 53.55 582 89 632 143 0.785
5.0 391.42 145.36 18.77 51.88 382 119 400 171 0.651
5.0 331.29 147.76 21.81 60.59 320 117 342 178 0.761
0.0 574.96 113.56 55.10 59.50 547 83 602 143 0.733
0.0 587.65 105.36 66.42 66.16 554 72 620 138 0.815
5.0 306.98 146.93 23.36 69.55 295 112 318 181 0.759
0.0 574.90 99.50 76.21 76.69 536 61 613 137 0.774
5.0 247.09 152.57 28.13 78.96 233 113 261 192 0.688
0.0 481.08 87.33 86.22 92.40 437 41 524 133 0.634
6.0 317.18 182.66 15.09 44.36 309 160 324 204 0.254
1.0 862.31 193.77 23.82 45.67 850 170 874 216 0.390
6.0 524.35 186.71 15.94 40.04 516 166 532 206 0.261
6.0 533.00 185.31 16.82 45.88 524 162 541 208 0.792
6.0 548.60 185.74 19.56 53.52 538 158 558 212 0.797
6.0 481.45 186.20 19.73 58.93 471 156 491 215 0.721
6.0 469.18 179.97 20.65 66.78 458 146 479 213 0.762
6.0 375.69 183.90 28.49 80.39 361 143 389 224 0.787
6.0 366.82 180.84 31.40 84.91 351 138 382 223 0.784
6.0 366.58 180.65 31.21 84.56 350 138 382 222 0.783
6.0 366.86 180.85 30.97 84.54 351 138 382 223 0.783
6.0 366.43 181.43 31.11 83.35 350 139 381 223 0.783
6.0 366.12 180.44 31.79 85.09 350 137 382 222 0.789
6.0 70.32 188.60 34.61 107.61 53 134 87 242 0.781
6.0 17.73 193.56 34.87 129.04 0 129 35 258 0.816
3.0 897.91 196.14 19.38 39.19 888 176 907 215 0.252
6.0 18.02 193.65 35.76 129.40 0 128 35 258 0.825
3.0 897.51 196.04 18.44 38.95 888 176 906 215 0.325
6.0 18.01 193.71 35.64 129.59 0 128 35 258 0.818
3.0 897.23 196.36 18.71 39.69 887 176 906 216 0.353
6.0 17.84 194.26 35.28 128.63 0 129 35 258 0.816
3.0 897.44 196.61 18.37 39.12 888 177 906 216 0.264
6.0 18.03 193.94 35.68 129.70 0 129 35 258 0.817
3.0 897.20 196.50 18.40 39.71 887 176 906 216 0.372
6.0 18.08 193.92 35.60 129.66 0 129 35 258 0.813
3.0 897.33 196.22 18.40 39.25 888 176 906 215 0.331
6.0 18.19 194.18 35.90 129.80 0 129 36 259 0.819
3.0 897.42 196.49 18.60 39.13 888 176 906 216 0.359
6.0 18.56 195.18 37.05 129.19 0 130 37 259 0.802
3.0 897.32 196.49 18.62 39.43 888 176 906 216 0.301
6.0 18.45 194.84 36.70 129.73 0 129 36 259 0.806
3.0 897.29 196.75 18.52 38.85 888 177 906 216 0.408
5.0 18.28 195.91 36.17 128.36 0 131 36 260 0.767
3.0 716.76 172.96 53.28 66.62 690 139 743 206 0.740
3.0 759.76 175.26 58.38 71.06 730 139 788 210 0.695
3.0 792.74 175.52 60.24 77.67 762 136 822 214 0.712
3.0 810.21 182.03 69.02 84.21 775 139 844 224 0.729
3.0 832.47 184.94 73.95 97.56 795 136 869 233 0.746
3.0 845.46 179.35 86.92 103.83 801 127 888 231 0.800
3.0 867.98 179.48 98.98 121.56 818 118 917 240 0.780
3.0 878.85 181.55 98.08 128.64 829 117 927 245 0.833
3.0 907.41 182.82 98.14 134.26 858 115 956 249 0.838
3.0 904.05 173.75 107.91 149.44 850 99 958 248 0.846
3.0 934.32 176.06 51.35 152.23 908 99 960 252 0.731
4.0 916.38 33.02 33.78 65.89 899 0 933 65 0.253
7.0 764.00 235.43 80.98 57.49 723 206 804 264 0.566
7.0 682.73 227.93 121.85 68.73 621 193 743 262 0.556
7.0 653.90 226.73 121.17 81.70 593 185 714 267 0.618
7.0 600.98 228.62 130.39 81.62 535 187 666 269 0.719
7.0 608.35 230.82 129.07 96.08 543 182 672 278 0.718
7.0 616.43 243.76 139.04 101.03 546 193 685 294 0.767
7.0 608.54 263.71 165.31 110.45 525 208 691 318 0.660
7.0 625.54 283.49 179.30 107.95 535 229 715 337 0.696
7.0 640.56 303.01 214.28 143.33 533 231 747 374 0.582
7.0 645.72 313.89 259.62 172.51 515 227 775 400 0.498
7.0 682.48 349.35 317.69 223.55 523 237 841 461 0.732
7.0 854.33 394.33 211.22 279.37 748 254 959 534 0.368
6.0 697.02 193.15 20.46 46.30 686 170 707 216 0.371
0.0 524.70 164.11 22.63 27.35 513 150 536 177 0.324
6.0 706.42 206.20 20.35 52.35 696 180 716 232 0.757
0.0 518.05 173.87 23.38 28.19 506 159 529 187 0.689
6.0 716.66 205.15 22.46 57.60 705 176 727 233 0.733
0.0 507.30 170.59 26.14 30.05 494 155 520 185 0.388
6.0 740.12 204.96 24.02 62.12 728 173 752 236 0.731
0.0 504.70 166.54 27.08 31.58 491 150 518 182 0.565
6.0 758.90 218.35 25.48 67.80 746 184 771 252 0.781
0.0 491.61 170.07 28.22 31.24 477 154 505 185 0.479
6.0 783.14 218.39 27.61 71.80 769 182 796 254 0.786
0.0 494.81 166.33 30.92 33.45 479 149 510 183 0.591
6.0 782.56 219.13 27.55 71.77 768 183 796 255 0.776
0.0 495.11 166.92 30.59 33.56 479 150 510 183 0.572
6.0 783.24 218.17 25.52 71.86 770 182 795 254 0.759
0.0 495.29 167.11 30.29 33.35 480 150 510 183 0.569
6.0 782.80 220.17 25.29 70.69 770 184 795 255 0.747
0.0 495.25 167.31 29.75 33.78 480 150 510 184 0.555
6.0 783.15 221.07 26.66 69.86 769 186 796 255 0.760
0.0 495.03 167.25 29.72 33.69 480 150 509 184 0.549
6.0 782.77 220.63 26.10 69.81 769 185 795 255 0.736
0.0 495.29 167.32 30.25 33.13 480 150 510 183 0.489
0.0 495.34 167.43 29.84 32.97 480 150 510 183 0.538
6.0 787.69 222.37 26.21 72.96 774 185 800 258 0.764
0.0 488.17 165.60 30.34 33.21 472 148 503 182 0.535
6.0 824.01 214.79 30.16 82.31 808 173 839 255 0.786
0.0 494.85 154.59 31.14 33.02 479 138 510 171 0.703
6.0 824.02 214.48 30.26 81.70 808 173 839 255 0.783
0.0 494.73 154.18 30.92 33.54 479 137 510 170 0.689
6.0 824.06 214.53 30.43 81.95 808 173 839 255 0.785
0.0 494.75 154.33 31.47 33.37 479 137 510 171 0.696
6.0 824.03 214.69 30.21 81.77 808 173 839 255 0.786
0.0 494.70 154.42 31.01 33.22 479 137 510 171 0.705
6.0 824.06 214.57 30.10 81.62 809 173 839 255 0.784
0.0 494.86 154.38 30.96 33.33 479 137 510 171 0.727
6.0 824.08 214.50 30.21 81.64 808 173 839 255 0.783
0.0 494.82 154.43 31.31 33.35 479 137 510 171 0.730
6.0 824.15 214.43 30.40 81.91 808 173 839 255 0.782
0.0 494.55 154.48 31.70 33.54 478 137 510 171 0.722
6.0 824.02 214.54 30.50 81.77 808 173 839 255 0.786
0.0 494.86 154.48 31.56 33.32 479 137 510 171 0.721
6.0 823.96 214.79 29.67 81.25 809 174 838 255 0.761
0.0 494.89 154.46 31.62 33.54 479 137 510 171 0.705
6.0 823.89 214.91 29.44 81.54 809 174 838 255 0.771
0.0 494.76 154.48 31.47 33.36 479 137 510 171 0.730
0.0 494.80 154.51 30.97 32.91 479 138 510 170 0.732
5.0 824.13 214.60 30.97 81.26 808 173 839 255 0.524
0.0 485.41 154.99 29.99 34.07 470 137 500 172 0.694
5.0 830.99 218.10 33.27 87.37 814 174 847 261 0.679
0.0 487.99 154.85 32.55 36.78 471 136 504 173 0.772
5.0 905.63 230.63 37.87 107.54 886 176 924 284 0.744
0.0 482.86 152.40 34.18 38.06 465 133 499 171 0.743
0.0 477.91 144.80 38.53 40.09 458 124 497 164 0.793
0.0 483.45 151.47 40.06 44.86 463 129 503 173 0.811
0.0 484.94 149.45 44.10 47.96 462 125 506 173 0.834
0.0 480.52 142.96 48.89 53.06 456 116 504 169 0.841
0.0 479.32 136.70 57.67 58.70 450 107 508 166 0.837
0.0 482.33 129.44 67.60 69.16 448 94 516 164 0.827
0.0 482.97 115.88 79.28 80.38 443 75 522 156 0.831
0.0 483.19 108.87 96.49 99.39 434 59 531 158 0.809
6.0 197.97 187.54 21.41 70.13 187 152 208 222 0.762
1.0 879.46 190.33 24.99 41.38 866 169 891 211 0.359
1.0 877.23 190.48 27.55 43.59 863 168 891 212 0.770
6.0 198.56 187.12 22.28 71.79 187 151 209 223 0.746
1.0 877.00 190.60 27.83 44.01 863 168 890 212 0.763
6.0 198.35 187.85 20.98 68.38 187 153 208 222 0.704
1.0 877.12 197.20 27.40 45.34 863 174 890 219 0.735
5.0 199.21 203.82 22.81 51.56 187 178 210 229 0.488
1.0 914.96 196.96 25.91 46.69 902 173 927 220 0.670
5.0 133.82 196.88 31.16 87.54 118 153 149 240 0.758
7.0 953.03 255.34 13.94 37.89 946 236 959 274 0.395
1.0 824.07 192.59 27.37 48.77 810 168 837 216 0.676
1.0 834.83 196.00 29.18 50.96 820 170 849 221 0.739
1.0 832.18 164.80 24.72 42.77 819 143 844 186 0.706
1.0 885.57 197.84 22.63 45.33 874 175 896 220 0.685
1.0 837.80 208.14 22.71 44.84 826 185 849 230 0.549
5.0 290.45 199.34 21.19 62.70 279 167 301 230 0.696
5.0 285.20 191.50 26.34 70.39 272 156 298 226 0.488
5.0 263.16 187.51 29.48 85.28 248 144 277 230 0.551
5.0 141.43 202.74 53.11 142.75 114 131 167 274 0.530
7.0 726.51 161.71 38.98 55.35 707 134 746 189 0.388
4.0 356.31 139.39 43.60 55.22 334 111 378 166 0.724
4.0 357.62 143.09 50.19 60.31 332 112 382 173 0.814
4.0 341.96 141.38 56.51 66.02 313 108 370 174 0.816
4.0 284.47 133.13 65.15 74.68 251 95 317 170 0.686
4.0 223.96 131.08 69.54 84.98 189 88 258 173 0.748
4.0 135.82 132.92 72.68 96.98 99 84 172 181 0.844
4.0 105.72 127.71 74.00 101.45 68 76 142 178 0.838
4.0 105.83 128.01 73.77 101.95 68 77 142 178 0.841
4.0 105.87 128.56 73.76 102.82 68 77 142 179 0.844
4.0 105.94 128.36 73.51 102.53 69 77 142 179 0.844
4.0 106.04 127.75 74.01 103.61 69 75 143 179 0.839
4.0 106.11 127.97 73.76 103.39 69 76 142 179 0.846
4.0 106.29 128.00 73.47 103.73 69 76 143 179 0.844
4.0 105.74 128.11 74.24 102.89 68 76 142 179 0.850
4.0 89.46 135.14 73.86 100.94 52 84 126 185 0.828
4.0 25.02 127.56 49.06 118.01 0 68 49 186 0.678
7.0 829.20 246.11 57.00 59.66 800 216 857 275 0.526
7.0 835.86 248.23 50.47 62.15 810 217 861 279 0.732
7.0 742.99 242.97 55.25 59.40 715 213 770 272 0.748
7.0 748.46 245.94 62.64 69.27 717 211 779 280 0.745
7.0 698.96 245.14 72.73 71.52 662 209 735 280 0.747
7.0 696.44 243.02 80.02 80.44 656 202 736 283 0.768
7.0 679.99 251.18 84.58 85.16 637 208 722 293 0.770
7.0 683.45 256.32 94.67 94.64 636 208 730 303 0.741
7.0 695.66 266.31 105.56 107.10 642 212 748 319 0.650
7.0 714.87 278.69 120.78 122.73 654 217 775 340 0.809
7.0 738.74 299.38 141.99 141.11 667 228 809 369 0.821
7.0 772.07 314.58 182.22 186.07 680 221 863 407 0.805
7.0 915.92 368.45 88.05 199.47 871 268 959 468 0.777
0.0 547.15 171.47 22.67 28.60 535 157 558 185 0.454
6.0 676.53 206.07 15.66 39.09 668 186 684 225 0.634
0.0 530.01 159.66 32.22 37.11 513 141 546 178 0.677
6.0 684.20 193.87 17.73 42.63 675 172 693 215 0.473
6.0 657.35 192.68 17.96 42.88 648 171 666 214 0.722
0.0 490.09 157.21 31.86 34.70 474 139 506 174 0.696
6.0 661.13 192.82 17.32 48.10 652 168 669 216 0.768
0.0 478.77 155.00 33.00 36.93 462 136 495 173 0.757
6.0 675.72 190.17 20.75 52.55 665 163 686 216 0.795
0.0 473.43 146.40 38.22 40.46 454 126 492 166 0.790
0.0 471.21 147.80 38.75 41.67 451 126 490 168 0.819
6.0 698.44 196.03 21.20 59.64 687 166 709 225 0.794
0.0 470.92 150.72 42.78 46.47 449 127 492 173 0.834
6.0 731.29 207.00 25.93 65.79 718 174 744 239 0.768
0.0 471.71 145.58 45.00 46.44 449 122 494 168 0.856
6.0 754.93 206.19 26.75 70.99 741 170 768 241 0.773
0.0 471.67 145.93 45.07 46.30 449 122 494 169 0.855
6.0 755.47 206.34 26.16 68.35 742 172 768 240 0.768
0.0 471.46 146.36 44.97 46.38 448 123 493 169 0.858
6.0 754.99 207.03 26.15 69.83 741 172 768 241 0.772
0.0 471.49 146.57 44.97 46.51 449 123 493 169 0.855
6.0 754.96 207.56 25.12 69.64 742 172 767 242 0.759
0.0 471.56 146.67 45.07 46.56 449 123 494 169 0.856
6.0 754.89 207.80 25.30 69.56 742 173 767 242 0.770
0.0 471.54 146.64 44.97 46.43 449 123 494 169 0.856
0.0 446.29 145.13 45.92 47.58 423 121 469 168 0.856
6.0 740.16 207.02 28.22 75.09 726 169 754 244 0.772
0.0 448.73 141.77 48.75 50.79 424 116 473 167 0.846
6.0 766.99 208.80 29.19 78.73 752 169 781 248 0.787
0.0 448.86 142.65 48.82 50.79 424 117 473 168 0.844
6.0 766.85 209.36 29.49 79.29 752 169 781 249 0.795
0.0 448.90 142.82 48.82 50.51 424 117 473 168 0.847
6.0 766.84 209.55 29.50 79.43 752 169 781 249 0.799
0.0 448.93 142.98 48.82 50.42 424 117 473 168 0.848
6.0 766.63 209.50 29.35 78.87 751 170 781 248 0.798
0.0 448.96 143.10 48.88 50.46 424 117 473 168 0.847
6.0 766.65 209.73 29.45 79.19 751 170 781 249 0.804
0.0 449.03 143.20 48.75 50.24 424 118 473 168 0.846
6.0 766.57 209.84 29.05 79.43 752 170 781 249 0.802
0.0 449.01 143.27 48.90 50.30 424 118 473 168 0.846
6.0 766.55 209.39 29.65 79.19 751 169 781 248 0.805
0.0 449.07 143.33 48.98 50.18 424 118 473 168 0.846
6.0 766.43 210.08 29.48 79.68 751 170 781 249 0.800
0.0 449.11 143.43 48.91 50.09 424 118 473 168 0.847
6.0 766.78 210.09 29.05 79.03 752 170 781 249 0.802
0.0 449.14 143.43 48.89 50.29 424 118 473 168 0.845
6.0 766.61 210.10 29.25 79.20 751 170 781 249 0.802
0.0 449.21 143.47 48.90 50.39 424 118 473 168 0.841
5.0 766.65 209.72 28.55 76.72 752 171 780 248 0.481
0.0 445.18 147.70 49.62 51.56 420 121 469 173 0.846
5.0 776.36 216.37 31.71 82.71 760 175 792 257 0.716
0.0 449.95 143.20 58.07 58.46 420 113 478 172 0.818
5.0 846.92 231.01 39.71 98.99 827 181 866 280 0.750
0.0 459.59 128.70 67.88 69.01 425 94 493 163 0.841
6.0 951.08 249.51 17.85 132.86 942 183 960 315 0.333
0.0 468.73 120.15 80.87 80.81 428 79 509 160 0.822
6.0 295.68 183.17 15.84 40.16 287 163 303 203 0.469
6.0 471.47 186.35 17.12 49.63 462 161 480 211 0.644
6.0 472.99 184.57 19.05 55.84 463 156 482 212 0.809
6.0 490.75 176.66 24.64 65.93 478 143 503 209 0.736
6.0 502.86 185.33 28.64 73.91 488 148 517 222 0.776
6.0 503.00 185.30 28.78 75.18 488 147 517 222 0.769
6.0 503.18 185.45 28.76 75.26 488 147 517 223 0.763
6.0 503.04 186.06 29.94 74.38 488 148 518 223 0.763
6.0 503.29 185.71 28.59 75.34 488 148 517 223 0.761
6.0 504.39 183.53 28.74 79.46 490 143 518 223 0.755
6.0 508.27 188.85 27.15 77.63 494 150 521 227 0.759
6.0 521.82 184.58 34.19 85.77 504 141 538 227 0.761
6.0 521.99 184.27 34.06 85.58 504 141 539 227 0.770
6.0 521.92 184.19 34.35 86.25 504 141 539 227 0.765
6.0 521.84 184.37 35.22 85.85 504 141 539 227 0.764
6.0 521.96 184.44 34.03 85.62 504 141 538 227 0.763
6.0 521.50 185.37 34.95 87.36 504 141 538 229 0.759
6.0 521.70 184.93 34.45 87.76 504 141 538 228 0.759
6.0 521.66 185.59 32.79 86.27 505 142 538 228 0.752
6.0 521.62 185.83 33.39 85.87 504 142 538 228 0.750
6.0 521.52 186.03 33.00 85.96 505 143 538 229 0.755
5.0 522.56 186.93 36.65 86.65 504 143 540 230 0.731
5.0 515.32 187.59 36.79 94.35 496 140 533 234 0.790
5.0 472.79 181.83 45.13 118.57 450 122 495 241 0.742
5.0 307.42 193.39 58.88 156.93 277 114 336 271 0.794
5.0 209.25 207.46 91.23 229.01 163 92 254 321 0.813
7.0 902.71 208.17 18.57 33.92 893 191 911 225 0.273
7.0 839.81 183.52 32.81 46.68 823 160 856 206 0.579
4.0 538.47 146.28 34.56 49.46 521 121 555 171 0.765
4.0 376.77 147.67 43.90 58.93 354 118 398 177 0.653
4.0 359.58 137.94 49.19 61.82 334 107 384 168 0.639
4.0 324.44 134.04 56.00 70.18 296 98 352 169 0.672
4.0 277.50 140.44 63.43 76.64 245 102 309 178 0.816
4.0 225.95 132.83 66.53 88.59 192 88 259 177 0.778
4.0 144.05 132.11 67.71 104.54 110 79 177 184 0.645
4.0 103.15 128.98 72.95 103.35 66 77 139 180 0.815
4.0 102.73 128.70 73.15 102.98 66 77 139 180 0.830
4.0 102.89 128.87 72.58 103.34 66 77 139 180 0.819
4.0 102.92 128.78 73.13 103.36 66 77 139 180 0.813
4.0 103.20 128.81 72.88 103.82 66 76 139 180 0.823
4.0 103.44 128.91 72.77 104.71 67 76 139 181 0.823
4.0 103.45 128.88 73.45 104.05 66 76 140 180 0.818
4.0 103.66 128.87 73.55 104.31 66 76 140 181 0.823
7.0 609.64 234.95 85.02 54.08 567 207 652 261 0.704
7.0 563.24 242.66 92.96 57.59 516 213 609 271 0.690
7.0 532.49 240.12 102.07 65.15 481 207 583 272 0.722
7.0 506.39 245.15 112.03 68.17 450 211 562 279 0.720
7.0 440.75 248.62 124.62 88.12 378 204 503 292 0.645
7.0 413.71 262.92 134.16 98.55 346 213 480 312 0.787
7.0 374.16 281.29 158.83 110.76 294 225 453 336 0.841
7.0 335.83 314.42 186.88 125.62 242 251 429 377 0.857
7.0 298.51 345.98 234.86 156.43 181 267 415 424 0.850
7.0 100.62 404.09 200.01 193.98 0 307 200 501 0.299
6.0 745.20 202.50 17.33 56.14 736 174 753 230 0.679
6.0 766.87 210.33 18.31 51.60 757 184 776 236 0.608
6.0 794.14 214.60 19.91 54.68 784 187 804 241 0.781
6.0 786.98 218.33 25.85 64.86 774 185 799 250 0.748
6.0 813.72 223.15 27.13 67.78 800 189 827 257 0.749
6.0 813.77 222.86 25.78 68.75 800 188 826 257 0.741
6.0 817.18 223.35 26.50 72.73 803 186 830 259 0.749
1.0 540.74 166.86 29.29 34.02 526 149 555 183 0.250
6.0 846.98 216.14 26.55 76.63 833 177 860 254 0.784
1.0 546.11 157.83 29.06 32.91 531 141 560 174 0.290
6.0 847.14 216.35 27.49 80.63 833 176 860 256 0.771
1.0 546.04 158.07 29.00 32.20 531 141 560 174 0.283
6.0 847.44 217.68 27.12 78.90 833 178 860 257 0.770
6.0 847.43 218.49 27.54 77.18 833 179 861 257 0.766
6.0 847.25 218.05 29.08 78.41 832 178 861 257 0.764
6.0 847.23 218.57 26.94 76.78 833 180 860 256 0.767
6.0 847.28 217.97 28.43 79.25 833 178 861 257 0.770
6.0 847.46 218.34 27.29 77.40 833 179 861 257 0.769
6.0 847.47 217.84 28.30 78.92 833 178 861 257 0.771
6.0 847.21 218.19 28.07 78.05 833 179 861 257 0.771
5.0 847.62 218.66 27.88 77.40 833 179 861 257 0.400
5.0 839.23 222.89 28.56 80.01 824 182 853 262 0.379
1.0 533.08 158.90 32.30 35.53 516 141 549 176 0.523
5.0 911.51 235.86 34.32 90.17 894 190 928 280 0.348
1.0 540.82 153.27 33.81 38.90 523 133 557 172 0.696
1.0 529.97 152.68 36.32 40.11 511 132 548 172 0.723
1.0 515.94 147.21 39.68 42.78 496 125 535 168 0.766
1.0 486.68 148.99 44.62 47.35 464 125 508 172 0.819
1.0 483.26 144.84 49.76 53.80 458 117 508 171 0.818
1.0 475.16 141.97 57.33 58.94 446 112 503 171 0.806
1.0 475.20 131.37 65.94 68.32 442 97 508 165 0.791
1.0 477.00 121.60 78.88 83.80 437 79 516 163 0.802
7.0 136.10 333.78 271.56 412.44 0 127 271 539 0.803
